image_width: 1920
image_height: 1080
camera_name: logitech_03
camera_matrix:
  rows: 3
  cols: 3
  data: [1400.387566095481, 0.0, 946.1683878363034, 0.0, 1401.4653655191748, 570.694902807916, 0.0, 0.0, 1.0]
distortion_model: plumb_bob
distortion_coefficients:
  rows: 1
  cols: 5
  data: [0.015720670026523706, -0.07974902674528452, -0.00019246186186131254, 0.0006939681037405447, 0.0]
rectification_matrix:
  rows: 3
  cols: 3
  data: [1.0, 0.0, 0.0, 0.0, 1.0, 0.0, 0.0, 0.0, 1.0]
projection_matrix:
  rows: 3
  cols: 3
  data: [1384.458251953125, 0.0, 946.2933779351151, 0.0, 0.0, 1400.9818115234375, 570.1195233212202, 0.0, 0.0, 0.0, 1.0, 0.0]
