image_width: 1920
image_height: 1080
camera_name: logitech_01
camera_matrix:
  rows: 3
  cols: 3
  data: [1402.562608311207, 0.0, 946.2491344475308, 0.0, 1403.8007155740277, 575.9880810489212, 0.0, 0.0, 1.0]
distortion_model: plumb_bob
distortion_coefficients:
  rows: 1
  cols: 5
  data: [0.01903659250467627, -0.08202587427301776, 0.0010101213526994839, 0.000246370833166108, 0.0]
rectification_matrix:
  rows: 3
  cols: 3
  data: [1.0, 0.0, 0.0, 0.0, 1.0, 0.0, 0.0, 0.0, 1.0]
projection_matrix:
  rows: 3
  cols: 3
  data: [1388.176513671875, 0.0, 945.4450057358772, 0.0, 0.0, 1403.6722412109375, 576.1433951088438, 0.0, 0.0, 0.0, 1.0, 0.0]