image_width: 1920
image_height: 1080
camera_name: logitech_05
camera_matrix:
  rows: 3
  cols: 3
  data: [1409.3099926108227, 0.0, 954.5359138330995, 0.0, 1409.4602225434896, 601.2649760875232, 0.0, 0.0, 1.0]
distortion_model: plumb_bob
distortion_coefficients:
  rows: 1
  cols: 5
  data: [0.015880852366578564, -0.0692064117335263, -0.0002597023417665955, -0.0013538516825801691, 0.0]
rectification_matrix:
  rows: 3
  cols: 3
  data: [1.0, 0.0, 0.0, 0.0, 1.0, 0.0, 0.0, 0.0, 1.0]
projection_matrix:
  rows: 3
  cols: 3
  data: [1397.2613525390625, 0.0, 950.9327517832935, 0.0, 0.0, 1409.64892578125, 600.6891970424185, 0.0, 0.0, 0.0, 1.0, 0.0]
